$ANSIBLE_VAULT;1.2;AES256;dev
37306234633133303762303362363565376337643033656537326337366164373632643331613936
3733306261343861343734356465613838346531653432390a346435396266353136336437636263
39366261343139336639646566626532636434306332366233333865373934613234346265666432
6534663439396564360a656666666438323832646564663463363864623865656535363261626663
61336663356263373766396264323632356532613635363730356534306333373234653936306637
36333162643036616131386461316538623230643931633963326432666563633364306430366161
63613030353466303662316630646232326632366661386338343930363932643062363430333733
63393934326263316365613564383735363430393534643039396537376263643263633932666535
36386437663733333336653330306234663266303765316533343734323930383866653933366563
32623539663566656634656438393131306331363734643031373430643165306439386664383766
62346666626664383933303138646137633561633732613236316639306330353166656135393038
61346363316433336136663466653432666534623732376263353335656333393362393361623762
38383661346262303065363338643334306331303761353333303339613862613031336232653932
39333039323737373264336265353135323532366637653632356133666234313238613730616432
32643263356631653962633162653366346530363932663735376334363061366239366233656331
66643463643064633566306537393533323533633866343062383864643264653937363338666135
39646261353631326466636465363132383935663139626333383438663535616339636538636331
62633836623734643862396234343933623635656132626439326363366265643234636230336337
61356461356461623133313736373562636663613765326361363032306364653764303434633430
37386265633230323733396531363335353530333430366663626236626464326130363734636363
63633562383638366231356163343133373065323133623465326435313734636337616630386139
31663966323338383865313031643539373632633632336237333963646536333162386666393336
39343561356461623764366665323733336365363338303663633064366538613637373538313063
30303464363238666537393265363738643037356432613233303266316537653663306533356237
30316138663134616438323639353838626439613134626232633064656138633236323737376434
37306566626630343135386235393464363137336463636338343231323734613166336632653363
63633064663131653836393030386163353632313838316332383836393634663134633362373439
39633862346538353039313734613630653036366164616361383334646266666135316331316662
61636430643339316166383261306262636137383062383030663035396462303636633161323535
66336361346139323330383661333030353663343061633336306530373061313932343531626530
33623137386538336237356435663936346135653165303866623165316639343036613632616132
33396430373239383335326430396561363033663131396536633739363961393764353237316163
39356365623266643333633061306464653537306530353039653837613439666239663738363632
61313831363634643035323362636564373038343730386236373765646136306337323363363265
35613832626236353133653631303037306135626439346135353332366536336433613234363964
37666135646466653334653235663962653561356635373033643235633435323764323632323038
38386332383332383333316636323635373933323263653465333737393563386561336462616237
34303531303032323838663839613862313632303637363461376362643763613562643933356639
66333337646635366564663064333631643463643261613865626563613938343130643931633638
63326166343831353136636465353938643237633238336361313662373865363934656562666639
37366366313264383438363766373063666363376564623861646564663736646333633635626338
32336637363466646639336366366330316566383264643361316236363765663239623763353031
63393064333630336532373061633432623565353736306232323036326238373630303534633332
65393662623863313565646431303239343536393534326530613565383565666461666564386135
66646534663630373332346661353938633339333332653336663037383830336633393566306434
61396531623537326438323964386338306138613530633130393035623339643361643264316436
66646363336139383031316235333035306137623638636333336365656665376661346234313064
62623966663166363438326435616464343265623066653865626331666537383939363039666364
35353062316339366338353732623431646232666334306663666238383532323864353935376130
34396237303838393933303432623861613030356664313465366463626435323565613537336461
36616663363331346435643163663963643166393834323937383564343332343631616439643233
64306565346463333331613438336638663334333662323733336666383832623664656132306134
37376664623261353539386466333163633539633966303561346438326664656266353934653164
32336264326435646631633030643835373032663537393734333464383562633632616437636234
61333765393265653539363032656235343739333862626436646261383734316165303566353864
62333931363436356331643534306438616536353336346533643062346566336336646232303064
37346263313739386130653962356266313462393761643061613931356631636239363264303032
37613031373732636536323166373962663762613733346464366538653162303365306531326239
62383533346464386630386536383332323038643565376631333364663334613966633565633265
34393837363062396162343634646334346565313534373739643362356637646431303039613164
34386564356134383165373232376264323066373233366463356561326331356139383439393238
37376363643533613036303132353265613132613264373436663431633063323464376434343335
39633032613565643036613535626534613362313439326332376437646132303135646635326162
33313939376435326437306437343665306638653534643161633535316564646331333939653334
38373463656636616436653263626231366232616236623938633732666433383534326262623739
38353931313535316530396665626163343636636432613039393266373739363062303466303230
64316666653239336634323339303539353335326239633765646237343932393438303839376234
34646337346663383632336266626638393830636266633230646665666332333435333232386337
36646638653264626662316263343862333735323239636130363163383766383033393065343433
32653138306436356364663436396333646662616332366564626534373463336662323465396237
34663536383337313935656235393232326161383561323032633936353665343964623339613564
38303531663362333430393931656433373132343135646661323035343264306663396330353363
39643864363930646535393766376330313337613332643339396236346465623461393330623236
66656237633632366435363530623566306163626538643963613230363865643263366339646532
64316535613563393564303861323761303230333138643737316437396435356537626133616435
64363631313236333338346466633938303163396665653830383532383336356430666565653133
37333865353438306637653838343439383133643962646462363537323436393362353939373036
31643764346436633464316638663032663363666363656262366236663135353134353230373738
31623337376435353763303737346264666661326538333834376335383438346466663830666533
30303639323635366230373765666361323731383233363739393635376461653866353038333139
63616365303832393661326662303232386531356566656664343961333037663361316234353132
36653465633936643732643966393434393937346530303636656334653665623933306364333461
62306262313662333566353238633232313930386666343564323562336561623730623439643365
61313431313934343731326633373561363332626263636532366461653562626634663930303663
30376364623138366132623763653034383433623531313739363637343131613936386365393538
65353138323236393030336239336230636466303532383136623666333237366537393633656334
61623063613735373864623434383530366462636361363132623730376132363834383163333431
31643037306366386439643935396139666265343834346664383337303739343233336437623239
31376135663963366635323637623233353737636139313830383661393239383231323839353637
33393933343533386663306634353630396564373065353162366464373031323634613638333763
35643334643837353766353466613131346533623333353639343639386232613836333035323138
61366635303362363739643764626265353865366261656239316466653263656337656533343132
35323831663839616433383764373337336133343864363331386661653939643030373134386163
37663731366434383466356439303837626337613063313539316234646431383066653630616431
31633233626461633539656532633265306164313365373861613530666230643065663764636564
39313537653130666564383939306238653033366133623038666439656638353330646436663666
62366566393837306539333039313666663865653666653361316266656436343164316166306363
32363530326263326539333931303531646231306434353131336164356363373663336537643932
30383935656634613262333839373461323462666461643935613932633464623365333063663361
35663636633466343066336665643561303735363566323734313764633561626337323661306266
38386538333437663963653265626630353864303937376330653039386562313439376262306533
61313463333261633263366236626433333463636433633661653465303064303730393936346465
33333963346163386664326236363466396661623666393966353464656437643532343761363463
61303732346239363030613239366666663236326563633961653035373966613037386638353132
34313964373531663436663836646530346437396462663661663931333739623633616438343031
64343162313063353631303839326537663532343439323362303764346330616163376665623638
61316534363563646331333665346462653637323036623334616434653138393931616232316437
64333638306564653432343235336331623438383837396566663233373933343937353138396133
65313562343936326165376665653636373431316261623466346534333164653566313864383633
33373831383339653732313330643264386564656666386261376366613730363333353765316139
32633036323739336437313662613464343831313866373735663061316336326363383632633264
66336633633832363338