$ANSIBLE_VAULT;1.2;AES256;dev
38623135316537303863323837326363353031633237613934343032396630663632333738323364
3466326535393830343237626237383734393937636436330a353536373237646330663162383531
32626438316630316463343136663730663462393238373062346532303630363730323266326235
6336326135393061310a656631633464323365656263623634663163656334396339636438343337
38303230343964613363633864636631353665346533353035366534373062626639346333346634
30316233623936373330643735383261656634393366316334623464643464346362393163643835
66373132366438653065346333393739393864623664373062316433646462666332323335393732
31383266353434633439343264373162353264353537363232643161323532623365633834386231
61343530633433323935643861643038633335336232626161636464373930653436313538333233
30373934626162316263643537616265386466626564303337366138643365613737623939646138
35356164306533346134636134636339373330613138623633626563613066623234306237313133
64333364326632323434303730303564656662336565386464393831386439376661633031333266
36303339343932386362306365313461393135316461376164653962653062326332366532626666
35623436666637316564343331323966356239373166313530626134623633366435366163396134
63326131366238643464376133613062396635626632343138666238343632373962383363616631
30343865626634636435346166636666653962643266663035396265623462616432333835653164
36313739386264613466366336346566626437663337613964343235333263323633313334366232
62613162306263313961313564643565613636653439663631383261636466363734666161623436
66393362326532636138366239313364396266623862356130343739636130336333316333346232
62393261366233353933373631653733666333333139326634623061616262383132356161623831
31663366333234653136336130663835613337333336313032353939353663353737393234343263
37316331396434663734633936616231383064353732333938313336313634656139643138333061
36333936336138356331633463633834313566313837396631613338623436396231613230383032
33626366386239623033393035363236653431353335616234353330633461653364643239373530
64393730333731656233653238383662303933306136313466323531396238343139353236626534
39353264383233363164663731393230303535306562313466326363373666336561323433353161
63663538623962316534616164306464343962373637393939666266303139303631633966346438
61626535626131613364346435323634656532653037336233383931363232373030623030313135
61343339333764383036656262306637303833373265636232393238386336666335393632636465
39393631613434356639333938383737356162323632623363616334646532373133386363306564
39386662613036346661613161323534363639343639316666326533326537626664316339346433
36343666643731383837653537623039643933353433646133346463313033333366333932373461
30363332643235366534633933643962643466303635353532323135363236323237373264386137
61663830333331633536353530363037393933663264653132383235393335623165383964613531
35386563383538643062343731643537333831396461633531656435363731333063376162376265
65316538613636393834373864383964363033333636383634313066636238316135316365393431
62356638373538336531663536666633353833333865363665313566613739646238333536343866
39643165623938336334323765376535323334373964326662326630363733366135663462633933
65623064366631363534666562336632356539653365313464313663336231633764616566303362
37346437343831343336346135376634656534643631306465363266613363343330646430343565
66306561316439373030323366366666346132653131616430623636313465613934363939356333
37326231303235653364663034383235373062633766383361636533666466303436613264393833
36356634323162613734663532343538616233643765633630373364626464323538663436373930
61373034626130323065373230666232353732656664316136396532343135643435303536633538
34323761626532313936326434646565336361383266623231353930666137623831646530363135
37653664646266646634666436376131353432343865363664366231366136316463396238356136
35636436313663643135626461333935373634633230383137356130313131636136376264333561
31626365616531393330666661366264613236316133356232333739383337396539346561363831
65656137333337323561636665316361613632386530306433333765666538343739656234373031
66643264626539356335663561313638663830363133356463393263323333373263613237383731
61653364633733616663373964383663656334353063656337316166353365626237646263616431
35666136356463663431386432313636386138636437366264316233336139376464653431366265
63306236393431316233333032373362366630636566653964373963353631646639623465636162
38373133646232333939656261376637383839656137383437613264353964353034393132376333
34303932393761323065366330376133306634383837636465646666623633356438343632656631
65353061623965383164333535656435353563316530353136346439356339343035396631366138
61666537643739626431366139396536323363346632333336353433303064616463343263313730
30643666363966383264383635356530363838343265393962333962616636346366306632633065
64633964306635383839663330333562306234303464383037633562623933643933356330366662
30613731386135316366353361386430313366633162366439353466383831323736386236376434
63303536346164666333623965393531396461393161343233316437376535333665376266653663
37646266643964306665333934396130356466653936383864666163376238393836613562363735
31336334383032323863623437323334633635663466666131373666333236316563623035393361
38636264363133626164303166643838626632613861396334323566613637663737613365326361
32373730643935373831336664383539313163613666323034376535386530336538616233396432
61373738336130393931646238623739383032333063653235306265346438303338303934633730
34656261356661613662393836356130383663356632653363383261383237336136666235666139
61666662633937343666653932326539306538326130303763666539656233383439393338336132
38343663633236653736333763386237643133663832663839336138353365336163353730333139
33373065383531383265613665336661303232636633643535383564666332393534616166633337
31666633646132663730666639306462396233383236333532353835363964666263303739653865
37643361663961313933393537393565376233653962646361343637646638356535353764363435
62396334646239373033373035306138383636633063303634333364616232356536616435346239
63383237613739626265646635663266386539353766333333333134313861626234316565323931
39633933383734343264323332323037356234326438643037383837323364303337626361356233
37373838633764623935613539343031373836633339386662393032303034323736323234396139
35353739633235313961373831333231306161393032303139383665303232623331316136366431
31383836393938636630393666303830363534663735396537666133393138636165383562626331
63373263323932333862376130323531396339313463383031366134363463313965343339616262
61386630306163303134396532356137616135313630356639626131343835363537356563373039
34333561346264356537643935366336366461613933313630373931623864376633336133653666
30383532363937643537356434356432353530653438316332666663353164636436346165613765
61363165616638343961333665323632653338346232383639303061363662646534363564643739
39363530663835373137643838343638653334383862633636303934666135613662633839356230
31326466306366333562386232653436613662383932303661613430373331316439393331396163
63646535363864353262623933653233363835623838616131656265636435623832633631346530
62373466623831623236306566326133636638343836353231613063343333316564336132386131
66343835353837313131653738613866343132663537653930353061343931663464633165336439
65623231626664353533393063346139623366613961306561623030343434643138613266393461
35636265613932646433303137653035306134316337343732343237373438643862383730626235
32346130343662613739653862636466383565623633633561366630623533353635663037326334
38313830623965663633303962623434373365346634376132653966333333643638323736353133
33306136333562616433393635373030373563353238363531653566613664633331633166383136
32386366663261636638616363303966363166373135633437393866646564326265393735313930
36313435386364363162393330653633646265373138393962636139636233646132656436376161
62616362333433353364366334616366613737333262336338306335376433663335346331393739
62666533616361613361313663306232383233343433663539356431363364393239393730376336
62656437653262373565366438383535613361653831656166386264346662326564653738333936
37303036613938623430326666336165373661376238306131663736323537303366346630656366
37663133323165373062633438333634333164313063643166393338613039326336653438323366
61623834626338306433633638393932366666653765363464663334373862346161613437316465
34363933316335343161336538353162643030343234343961643663373935386238343435396632
31316562663764363235343863396531383264373131336637613437636464646239666162366530
31373630373634383534346665656632346664356138653739376662306464633436343030636530
35623431336265326530326534303634346166323339626539653335386638633037336164326662
61383134623435613336336235343133623630303637323165396431326339623563626632343766
33663439646537373832313163336561353839643230316535626539353533356164303964363862
62623039363832653266623739616536323438353833393237376535653661346231353663326663
37613461636436306237643139356632346539616564396535383135636336663862643661383536
33643332363337333663393265333031656133316630643065626262313636353839343463633831
34366661376132623933646630383932386662653561613463353230613333383761346533633963
63323036383066663164343361323237633963343439623964373264363162656165363130663264
30656330666434336131383466633763383338636631363839393531366137353662383031393030
37363531623732663637396461373731376136636664666466633139343365306530376565653238
63386465363135323833313731333333363962636632663137313663303964393839646139313934
63656338646238333338373831393631643861633433306130333631653363386134633636646233
61636636656132333431663062613531383364343837353435396634633665303137313437366634
62663065363966346162326564386361326265333063333434363939636331373031303963373435
37336236626134326662326330393161623663666636333765663462336532336666646334346461
37386636383966303133356334336335643565386233376266323134386561656334623637363765
63653332373463633162313531353666396236626132336365303731356233373731616362633862
62306663613039393461663439383861653335656333343634353862636639643833613063333838
62353230663663363236323933363138636465653436616639663161383062663639613732363963
38313361613032353664376665333364393532373165323462396361323266656331636361326230
33366336336664353466643231383135633262613666363362343865643835346533343231633066
65636534623734613164313038323233363239323466333334326330366134646135336637326138
62333766646438313834393237613735663138366633663162653638613038396237663039333761
65356236376132613832326461656438613330643231333139353434623433623137613938306633
61663130633933313838353834623432356230343131376563636639623332353438633630303135
39666530383865323030623064373631306533356637396333636138643465646661396139333838
35323765383861353636613861656633646666373437383062313631346231646539383561643830
38313661616638363566656562373135313937613134366532366463326531336631623530613032
61633563383633396137303132636333643331633131313639643661346364383031313832333835
39303136313034636531323331386632643836663266656234653738373963666638313633316233
35643130643164383764326465316632303261313731396666393066396239343461663063353663
64353738313734323562636139383930303661633163643362343531373334646661393638666336
63363966343135386661623961633666363661666538653835353238323738623332633230306334
39633962386163333436613963326235333532353533643862386562323431313039316534346138
31363732333636383737613837633366656538363237333638623961656439666665373366393961
31306562306436613631396263373666373764336131343231346332323262623861643337633565
30336436366465646461636239616264666565643733663362636563636135363436623864393430
34623732386561616632386531376430366635353664633339333735336162323337346139656233
61383763626438663135373934653561356562333734333935333861616134353039346531336230
35303135663538373463656536343833376236393035633364623834633563613966303233663530
62663364646266306666616666323461373532663632626130396539306565623532373334386665
61666661653936383935346238333031623864383337346538626234313930313335363634613461
33353764616162326265393064623464613836396662353963613763666335636462313738656635
66303965633932633234663835653361326336623937343061346561666531316531396236643432
37373863323434336238346566323965636165383661366262383266616138646538383634646234
30636465366134616166656137383233343038643131653037363864353165666463313764303634
37316636373234656366353765383138343166383966333666336531633462656439616132306365
39306533333933333036313061326235373464326561666234373336393935303233333934626231
61656638666262373264323564643262613735346463306636373731613032663732666433643264
37656566633639313464633531316233326164646363636134396136306263666365313562346266
37346265643861396638633930303031656138353734373231373238656562303861373231393264
36306466336633303166623862616539623561373235346661353262613263356431376235343639
34316534623334373332356566323737393832303937613364323338313164353161376439633162
61346630613339373466366664346163363130356362313335326136613539666363633164396230
61333435626130333135636437323730633637333964623637336662383635613333623434646631
65343531666534313566393330303232303333353265356235656433366339653538663265646537
37623866613531633364336430373936363561363035386132656438653235363930333435616265
66363835363830343237303335616436633064633464363961383838343163373966666339363964
37386333633532616438666138306563393364666330646532346162313630393330376539336431
64653462373765386537356135633331356639363661643462383230633333663366633665376562
61386531613364376334326635323365313832623836663861306463353862636136363534396630
35376232323063363433323363366463633864636165326562363439316638616639393662626133
62656465393965343238316631383463393366363761383764626162336536363834356664626130
36383835356334643563653861393661663239336339353763313463393461643038636166303561
62323738363439353139663163623932633333366366323462326564656636316235316337623564
61326261653162353263636562363264623865353664363036623538663435353163313066653539
64383061613332396231393762363933643466303964636237666463633034396663313831356533
36303332336337613136616230656230663364653839353763363565316664393663313563376466
34313533376536663439653862626233616636356663386162613561393732653762636133636465
65633065333838633438643134383239323564613933353138373563626638323936323034366135
34656365623039353034613939373737656631303564333132663430333538336162303539363930
65663137613764633239663238386535396234653738346164303236306636313861323031633330
35366534316439633966363761396239393434336166663936316430353166343231393039363564
33323230306639633063653832313866636464373863613763306230626433373239386436333964
65383566613636383365623763643938623630303034623961646135613266396532653439393465
37396330636530356334383161663831663431323764346661653439356366333435616665376333
30386264396463626234663238333935373030616333643665363165306466633637643636383665
30626464356238386236383866376130363565643637663766363037386163313161626233313337
33313362633032663164313861626335376565303965346434343635373266393137306261663035
39613265383363663036343138363837393634626638633837373339316532623234353337396235
34396438313735363833363233326563653834636235303732623466616632643732363337366532
6536633130633266336565663137653963663934313139643935