$ANSIBLE_VAULT;1.2;AES256;dev
36366565383632316330356466363231613765333036303538663433353163613438313232653230
6134653361323731613266643731643731666434316363640a366232666437303737303331383261
34323137323835636361623832393636346331623137643231323561343839323330636432653435
3836323334343730630a303837653961626630396439613330646230663734613464323730373563
30326263653238616664373937326635313436396530666266316265366131363161623030343565
65356161616566396434323439643765663531393766343439323832663231363236326439336661
64373533316232623162616438393733653765346436346464666338396462626432326134343062
39343539633833383731333239626431333061393964633765336236646266663637623532643037
64663135363464313334383335316638336134333432396234333539636663376664366165376330
32613639643933303934616166643662653139303637613533363362326666313439376662646132
66356531343635373830356230333163653134333638303039306233333238643631383461356537
66326633666261323835363833306132303063393438346333303538663633313735383761613630
31316362323738653766376566343131653639303866656566373036393162633238336537373264
34313838363837623236316339353763316138646363323133366666626237343965353732323465
65616237303963653738373763646231346436623431356438363732633461613061333132386261
33643631323534303633616235633663303331646137653731666136663336303730306366373261
61326432646363303636646264613134623036616364363662356538346263346637393136323236
35653634303465643237613139303633636631643430643431366230323262386237366166383961
34663235646266613164653031656462386335333662663938636339653739373337393865393635
32623566323665313434373364326263363862366330363239663465333265356633386638333230
37326437336365303861653361623436343465663030633136383737623135383863393931363034
31653563326361623863623565613936313265353634353833643565646639656131623466656137
38383730336237373235396338376632333262393231373566326538646436383833366364396162
61356262386566643233633230363033333336376162643734393462356534646138653239613337
32623831623362343165633032633262363036636234353934616633643762386165663135356466
32653733656662343166333961313939636463323961326631353162386162336664373531353034
30323035376365343638343234343832663466326132393062353035626261336366663236626664
64616466613562363863636565666565353137316364356532336633643530636239363037366662
66363765366438303964366232636162616436666162313937366664633532343930626535373131
65353431336638616639666131393837393738646136333534636339633138666663363563666439
34303864363639396366343136643161613263633462323632376664623166383939343731353337
33626139313838376432373733313332393137353863653263306261343536616562386566656637
30363634323930636165373231616365643239353531663034343263386462353033643237613166
66663564356266333463393137633635356139613131383461343035613762333634333130663337
66346538313061633963323636623833383731396536333536356333366530336435396263613265
35393534333733376331643164386531396462326634616261336662366535613762643562353533
31646264306163316663346635333562373632366637613564653063616363343639306162646262
64336530633032633831343534313630373233626531666330313463326561353865346436363735
39653466333265613430343638643665656465393539346561666633666432303937306231343437
65616639663532313831333862666563646236646463343332623638313761636265363835326136
32323932613363323866383039356537373263306632653862623132366335323364363137303035
65643764396131303530643738343363333038313138646466636566343733313936323635303262
32396332383865393763353865336661643437336137363232303036646137313339303730333435
38646134373737643531326165616461346564373039666536303037336636366439643334613835
66333634363035646239643062623233343230386138313633353166363961303435353363613734
31303330396237373534383632303135663963376330626434633834623534623962373230366633
39663330393063636130613130346334373961623861393065383531386532333166306532323761
62343164383036333465376535356366336637356466633537663831336635313637643030333935
31383261366465383636643264653239323535353662613439363835643866343335636266623363
64343961653462333230356538666462363064333630623162386261393433323133386361353765
31643164656661356464633939306461613333386139373734383765666664623432353662356366
64356263393538346435613235303639313739376164366161376436383136326231643132323336
37333131633162626332643932343461356334303466363465643263323365343966666138626330
61363636653461643361626531396662623165626162323838393733613539373966643061343339
65343461393965353234383733353664653234376638623638376530656334623131343133396537
38336531383666383736393932666233373763656339373738386365313064613233643637633830
36396530323734326465313035363539353033636439323131326466663966366437383534613765
33643434663165633734633237626665626237333763303166643837356437336136393137376262
37313166353339626536626364333530656538353561633630326239363133363737663130323261
39303134306634363265613462306130366431336533643632613734306530613533633163313439
39313964643562663735303834316239643338383961353463623530363333383466383364363639
61333039373336623661306430313532376166333863653561613032396233663132343339323635
31653737376361313035303437353032356631333766303735306466663736363136623739326230
34373963306238633230643861313030316533633933633863346133303864383766336161393930
63323464366533396263303538646435646665316637356238366666356539663232636136313930
64656261626332336339393361353966363037373261623133353632353737386337333932623533
35393766643938613233306639653331613333316639626635613334333337376433303934363563
34623861383934303966323061616330653765653636313965623530653966363332366664303837
32386330663633323637336638353330396537343835316566353634366166363863633737643137
62396139333735303466396263363033643963333533636535623963663236336366306536663036
35363461623630623164303732663633656430616130363936303132353235366532346461396439
36666432383735656264383638366365376663393863613730323139653733333838373965613932
63616565373332373736366161656366636361636461356663633464623832313563643862356335
34633061613738623934643264313730303232613739623064363638303131376263666465636662
62643236623735393665383164393031356433363262643934353465303435653962306434626338
39396134316433306637383137643631373364396339666536333130386435306234396665623861
30623366616162653438393233393330376562356564653630333664636239336338616565343062
35346335616163656635323133383135303039393535313633613835643635623431613233383664
39666565323735393238346564386332656234373539396438303064613365643433333130393237
63376631313337626264613836646666373936643733336636366339386633623262656466643537
37633662303665343331343861613638393362353237653631623333663665643631343266626136
36316366343132383663363033393437373239393033313833656366306139383964313731393336
31623838613130386163356461306264623665663831336538666562333930633064616230303838
61323230366536343035366138623966313438323436373838383238323062326366643037343336
31663966623635393136636630643436386236303031393564313963303831353431346664623039
30306133376262656564373134336166356662323364373736646430666533623761316533323537
35643730636335313035386633636636336638303866366165333866633163663036376261383433
62363735363262343561336661636562346361306237383330313266353066663932666461346435
33646636626630323331353230306432366563376662373530333630383765396532316664653237
34653038643564363635616566353431343339623038616530376630383835303432623865656661
35663961653064353765383331386161623938626364326235656333326238323738663131343664
33613630646265363336363433636235376464363263643264363231373963333034333666356336
64396634623134326337613663663666663366356533306139306536306132356331