$ANSIBLE_VAULT;1.2;AES256;dev
35313436383661616561393031336561363833623634613762323737646334636566663636383833
3235626363613033343264666133363062636133623039650a336336306137346232393665303935
62373834653033343466663061376337643637393339333839633437616462336337613462646535
3465313339343265320a396333393566663231333265636232393739356264303030386136383361
37393462613737663866643535646362396665346439313961643339643535646436626233396362
31316630393238346533323132333636643732373832343964626166656430633964613633363532
38643330383731656532356334356463383564633032363332326237616133663131313061356635
61653161343030346261663034393264386234633966366537386239393561623961313262356533
38623066343231313439623161373164363835306565376332326234613364396239313833613964
37303830613835653766623065613262303939656163346264656365313964646637666530373233
61316435316636353038646336613434316632346231383062383835343764383339656336346366
39373866613032366435636135303665363036653536323236646136646538363766383532363432
38653034393966343263623537303966333533633136343135616631306431343933616539666233
61343162326338613035396335646265653133643166313862353864633537633265383034623263
36373832343461626266646130363565393030303532373530663662653238323039613933386337
37636438343339393837366564663332343534613862663664643735666339656436396662646463
61363664333535303032306139336232346432613636333139333430343465653962616663393335
32613533366130323462393163643230373533393065616331623334386566623866333635366662
65626136646562373963616363386334393034653337326532393431333839633532653663626337
30646238613864626566366431643565353766343035383863653062313665313031616439653339
65386366653562613133396639643138303936356161343364653662366464393531393338313862
30313530346433656664313037303264383763326239663064363561333865656433363932346434
32373233366436333935393738346662333961616538643265343033333034633765393662376262
38633530373038643539626266363762363534373034626663663235666230643436323835373065
66626464323435323264316135633338386239666538343535396438653963653731386232323130
39353461383565616132346637383939303634363561326661333330366137383638393837306264
36393635393433613261323436646630663537376238643638653966326136653435356430633563
37306462333231653565633137353938336333656631636432373238633764626235353633643735
31626335343362633739613462643463343335353932346462323738623538656431313138393230
35353430386161373938656239653566356466623964663235643330636531626464323364643861
38383039313666336236306535653733346434653661393436656133373265343162336362623736
61363264663964336639393066376230636432393636353834643062343338363061666662396430
36633334323935376632333235313032393039623438373233326637623862383135663065383565
33363762623733626464663564643932363934616563306565613634613137616264313535366166
32326663303438383261636161656564653862633862663030623765383066623066663231646636
37323534363065323030613462663234633533653530383966316434333261393266363039313134
65303838383064333735613531653264373830383235616165306538366537616262373830663138
39346533376462356233636438653464393365373934323738303338656561663662646261343630
32623261306463623461663735396230666462313862333734383339666264653361363362366663
38623166656262343535666236623634643565643166656661613931363663336336303063366261
38376330663831396364623931636433663535323936373439653632613938666561313166353736
65376362653939333666633930646230366530386335343836663939636463386634633939623263
62333936653063353761363464373730656432386539633938366531623264656466613865666565
35356438353432346336626538343331623264303465396538383339336635383038623733353939
38343535613066613764643461383934633432343462663234363833643532653266643731353264
36306437363839653838363163326439373062346230346366613662346432323539306138303132
65303737643538373466633030646238326136613965393861656638666436376233376338373762
66653530613132333735613937663361346161316664363735613739313362303832663531376133
65646663383631306666313366643033636266656166393032383761383033383730353634373230
35316131363537636334373733363365663163356439343637653733643237336139326134386635
36613935396539653035633665343834323235333731383766393162313236666436313362626232
35333034353838356636643763303333353866393438313238383065303866363831613363636166
38646431313734623932613830653036373861363333613138383632356138616462396431316231
63336262313831373236343234366565633334336435326231383166333932353135313339356437
61333566636363373865363735303839376139643461363930383435633134396537323161666564
36656339646162363364646361383835316565333037343839313636666261613835653365323762
61383031326566356337306131373231646134623138646136393338346631376662356234653631
35353735333563306561623935383439636132663264646561306465613262376261656463366166
63303836396231616330353738333737363263643261646637643034626431653038343663393865
66623264343132313366346433323734353465653364383862636638333130383664366430326531
64326162636636373032363463626564316135623437623538623036666361303030663939323837
62356464616363396535636532303730633131643761303663363731326133663833313730646538
30623933346362306534313935666631303534343437303838396531643264623839643563613236
36313535343663663334383335316630306661373538386562616235653236636131393161393064
32326336343839363732313632376662643438616635333265386564383932636237633666353133
30386136623865663033633937323462663232373434393065333036326430656363396630396665
66343030646661336530333833303734303632306534623662376363383434656133616638373363
62353062633932646463646430316133363565333239363337393962366333333361353461616336
31636335653833636536646662363064373638666337316531663565353663336639646438616162
39353535656430393763366637663566663034303664653833653031336464383534323364613866
64663061326635383664663062643939643031353033303463316265303564306630396362306532
39356366396531386430366234663661383937646133323965386138303039663166393834633665
33333738633961373937343934303166623161323039666335386631643837623834656462373766
39323964663761336466303339333635336431623036306333643364386565646438373465353634
37343864633764363035393935373537393762633664313863623537383437363730633861333032
38343566303264373635646534323031643764383262366535363039326364663930613464303438
39316563313133383935313364383935346266363639323536323236616234353431376539326639
35356463306665316262613934623732353733386233633038643934343339663334306363646536
31666436323634373834316530666263613535653965383364303332646537616434353535636461
32333232356361396632383162633132366337353761656563653533643963363331356537306537
35313832623135333465346130616438346637636431663130323266393735623836666630303464
39393365633861616138383466633965396666666135396330373439393034616630616638316238
38313264333132373637306264653364353363666462396236316461646233343932336430306639
39386235613262613664323662363537373361623031343532313836643631366532353730363130
35306333343562616462656630656630383534393931643434306239623232656137663836626261
33636262636338336231336234336364653532623437653333653561613034336533376561393536
34313066656539346537303038343039643133343032333363316361633037343737363038396438
37333462393133356263613935323838353762343932623230323233396538623030613532653736
36306464393764386335666632373337373263356137663264353763616335346165303638353566
30373236356130326434333561656333613961323266653234373564306239616534656165366465
39363065326135626135633737646333653838363065356461383433653934663835353033353365
39326662333866623266353164323637313434353839343637326431363131316134363032616235
38646135373330353230626337653466363235386639353039643162316535616165